country,province,date,day_since100,case_cnt,death_cnt,new_hospitalization,total_hospitalization,new_icu,total_icu,new_recovered,total_recovered,people_vaccinated,people_fully_vaccinated,daily_vaccinations
Monaco,,2020-01-22,-152,0,0,,,,,,,,,
Monaco,,2020-01-23,-151,0,0,,,,,,,,,
Monaco,,2020-01-24,-150,0,0,,,,,,,,,
Monaco,,2020-01-25,-149,0,0,,,,,,,,,
Monaco,,2020-01-26,-148,0,0,,,,,,,,,
Monaco,,2020-01-27,-147,0,0,,,,,,,,,
Monaco,,2020-01-28,-146,0,0,,,,,,,,,
Monaco,,2020-01-29,-145,0,0,,,,,,,,,
Monaco,,2020-01-30,-144,0,0,,,,,,,,,
Monaco,,2020-01-31,-143,0,0,,,,,,,,,
Monaco,,2020-02-01,-142,0,0,,,,,,,,,
Monaco,,2020-02-02,-141,0,0,,,,,,,,,
Monaco,,2020-02-03,-140,0,0,,,,,,,,,
Monaco,,2020-02-04,-139,0,0,,,,,,,,,
Monaco,,2020-02-05,-138,0,0,,,,,,,,,
Monaco,,2020-02-06,-137,0,0,,,,,,,,,
Monaco,,2020-02-07,-136,0,0,,,,,,,,,
Monaco,,2020-02-08,-135,0,0,,,,,,,,,
Monaco,,2020-02-09,-134,0,0,,,,,,,,,
Monaco,,2020-02-10,-133,0,0,,,,,,,,,
Monaco,,2020-02-11,-132,0,0,,,,,,,,,
Monaco,,2020-02-12,-131,0,0,,,,,,,,,
Monaco,,2020-02-13,-130,0,0,,,,,,,,,
Monaco,,2020-02-14,-129,0,0,,,,,,,,,
Monaco,,2020-02-15,-128,0,0,,,,,,,,,
Monaco,,2020-02-16,-127,0,0,,,,,,,,,
Monaco,,2020-02-17,-126,0,0,,,,,,,,,
Monaco,,2020-02-18,-125,0,0,,,,,,,,,
Monaco,,2020-02-19,-124,0,0,,,,,,,,,
Monaco,,2020-02-20,-123,0,0,,,,,,,,,
Monaco,,2020-02-21,-122,0,0,,,,,,,,,
Monaco,,2020-02-22,-121,0,0,,,,,,,,,
Monaco,,2020-02-23,-120,0,0,,,,,,,,,
Monaco,,2020-02-24,-119,0,0,,,,,,,,,
Monaco,,2020-02-25,-118,0,0,,,,,,,,,
Monaco,,2020-02-26,-117,0,0,,,,,,,,,
Monaco,,2020-02-27,-116,0,0,,,,,,,,,
Monaco,,2020-02-28,-115,0,0,,,,,,,,,
Monaco,,2020-02-29,-114,1,0,,,,,,,,,
Monaco,,2020-03-01,-113,1,0,,,,,,,,,
Monaco,,2020-03-02,-112,1,0,,,,,,,,,
Monaco,,2020-03-03,-111,1,0,,,,,,,,,
Monaco,,2020-03-04,-110,1,0,,,,,,,,,
Monaco,,2020-03-05,-109,1,0,,,,,,,,,
Monaco,,2020-03-06,-108,1,0,,,,,,,,,
Monaco,,2020-03-07,-107,1,0,,,,,,,,,
Monaco,,2020-03-08,-106,1,0,,,,,,,,,
Monaco,,2020-03-09,-105,1,0,,,,,,,,,
Monaco,,2020-03-10,-104,1,0,,,,,,,,,
Monaco,,2020-03-11,-103,1,0,,,,,,,,,
Monaco,,2020-03-12,-102,2,0,,,,,,,,,
Monaco,,2020-03-13,-101,2,0,,,,,,,,,
Monaco,,2020-03-14,-100,2,0,,,,,,,,,
Monaco,,2020-03-15,-99,2,0,,,,,,,,,
Monaco,,2020-03-16,-98,7,0,,,,,,,,,
Monaco,,2020-03-17,-97,7,0,,,,,,,,,
Monaco,,2020-03-18,-96,7,0,,,,,,,,,
Monaco,,2020-03-19,-95,7,0,,,,,,,,,
Monaco,,2020-03-20,-94,11,0,,,,,,,,,
Monaco,,2020-03-21,-93,11,0,,,,,,,,,
Monaco,,2020-03-22,-92,23,0,,,,,,,,,
Monaco,,2020-03-23,-91,23,0,,,,,,,,,
Monaco,,2020-03-24,-90,23,0,,,,,,,,,
Monaco,,2020-03-25,-89,31,0,,,,,,,,,
Monaco,,2020-03-26,-88,33,0,,,,,,,,,
Monaco,,2020-03-27,-87,42,0,,,,,,,,,
Monaco,,2020-03-28,-86,42,0,,,,,,,,,
Monaco,,2020-03-29,-85,46,1,,,,,,,,,
Monaco,,2020-03-30,-84,49,1,,,,,,,,,
Monaco,,2020-03-31,-83,52,1,,,,,,,,,
Monaco,,2020-04-01,-82,55,1,,,,,,,,,
Monaco,,2020-04-02,-81,60,1,,,,,,,,,
Monaco,,2020-04-03,-80,64,1,,,,,,,,,
Monaco,,2020-04-04,-79,66,1,,,,,,,,,
Monaco,,2020-04-05,-78,73,1,,,,,,,,,
Monaco,,2020-04-06,-77,77,1,,,,,,,,,
Monaco,,2020-04-07,-76,79,1,,,,,,,,,
Monaco,,2020-04-08,-75,81,1,,,,,,,,,
Monaco,,2020-04-09,-74,84,1,,,,,,,,,
Monaco,,2020-04-10,-73,90,1,,,,,,,,,
Monaco,,2020-04-11,-72,92,1,,,,,,,,,
Monaco,,2020-04-12,-71,93,1,,,,,,,,,
Monaco,,2020-04-13,-70,93,1,,,,,,,,,
Monaco,,2020-04-14,-69,93,1,,,,,,,,,
Monaco,,2020-04-15,-68,93,3,,,,,,,,,
Monaco,,2020-04-16,-67,93,3,,,,,,,,,
Monaco,,2020-04-17,-66,94,3,,,,,,,,,
Monaco,,2020-04-18,-65,94,3,,,,,,,,,
Monaco,,2020-04-19,-64,94,3,,,,,,,,,
Monaco,,2020-04-20,-63,94,3,,,,,,,,,
Monaco,,2020-04-21,-62,94,3,,,,,,,,,
Monaco,,2020-04-22,-61,94,3,,,,,,,,,
Monaco,,2020-04-23,-60,94,4,,,,,,,,,
Monaco,,2020-04-24,-59,94,4,,,,,,,,,
Monaco,,2020-04-25,-58,94,4,,,,,,,,,
Monaco,,2020-04-26,-57,94,4,,,,,,,,,
Monaco,,2020-04-27,-56,95,4,,,,,,,,,
Monaco,,2020-04-28,-55,95,4,,,,,,,,,
Monaco,,2020-04-29,-54,95,4,,,,,,,,,
Monaco,,2020-04-30,-53,95,4,,,,,,,,,
Monaco,,2020-05-01,-52,95,4,,,,,,,,,
Monaco,,2020-05-02,-51,95,4,,,,,,,,,
Monaco,,2020-05-03,-50,95,4,,,,,,,,,
Monaco,,2020-05-04,-49,95,4,,,,,,,,,
Monaco,,2020-05-05,-48,95,4,,,,,,,,,
Monaco,,2020-05-06,-47,95,4,,,,,,,,,
Monaco,,2020-05-07,-46,95,4,,,,,,,,,
Monaco,,2020-05-08,-45,95,4,,,,,,,,,
Monaco,,2020-05-09,-44,96,4,,,,,,,,,
Monaco,,2020-05-10,-43,96,4,,,,,,,,,
Monaco,,2020-05-11,-42,96,4,,,,,,,,,
Monaco,,2020-05-12,-41,96,4,,,,,,,,,
Monaco,,2020-05-13,-40,96,4,,,,,,,,,
Monaco,,2020-05-14,-39,96,4,,,,,,,,,
Monaco,,2020-05-15,-38,96,4,,,,,,,,,
Monaco,,2020-05-16,-37,96,4,,,,,,,,,
Monaco,,2020-05-17,-36,96,4,,,,,,,,,
Monaco,,2020-05-18,-35,97,4,,,,,,,,,
Monaco,,2020-05-19,-34,97,4,,,,,,,,,
Monaco,,2020-05-20,-33,97,4,,,,,,,,,
Monaco,,2020-05-21,-32,97,4,,,,,,,,,
Monaco,,2020-05-22,-31,97,4,,,,,,,,,
Monaco,,2020-05-23,-30,98,4,,,,,,,,,
Monaco,,2020-05-24,-29,98,4,,,,,,,,,
Monaco,,2020-05-25,-28,98,4,,,,,,,,,
Monaco,,2020-05-26,-27,98,4,,,,,,,,,
Monaco,,2020-05-27,-26,98,4,,,,,,,,,
Monaco,,2020-05-28,-25,98,4,,,,,,,,,
Monaco,,2020-05-29,-24,98,4,,,,,,,,,
Monaco,,2020-05-30,-23,99,4,,,,,,,,,
Monaco,,2020-05-31,-22,99,4,,,,,,,,,
Monaco,,2020-06-01,-21,99,4,,,,,,,,,
Monaco,,2020-06-02,-20,99,4,,,,,,,,,
Monaco,,2020-06-03,-19,99,4,,,,,,,,,
Monaco,,2020-06-04,-18,99,4,,,,,,,,,
Monaco,,2020-06-05,-17,99,4,,,,,,,,,
Monaco,,2020-06-06,-16,99,4,,,,,,,,,
Monaco,,2020-06-07,-15,99,4,,,,,,,,,
Monaco,,2020-06-08,-14,99,4,,,,,,,,,
Monaco,,2020-06-09,-13,99,4,,,,,,,,,
Monaco,,2020-06-10,-12,99,4,,,,,,,,,
Monaco,,2020-06-11,-11,99,4,,,,,,,,,
Monaco,,2020-06-12,-10,99,4,,,,,,,,,
Monaco,,2020-06-13,-9,99,4,,,,,,,,,
Monaco,,2020-06-14,-8,99,4,,,,,,,,,
Monaco,,2020-06-15,-7,99,4,,,,,,,,,
Monaco,,2020-06-16,-6,99,4,,,,,,,,,
Monaco,,2020-06-17,-5,99,4,,,,,,,,,
Monaco,,2020-06-18,-4,99,4,,,,,,,,,
Monaco,,2020-06-19,-3,99,4,,,,,,,,,
Monaco,,2020-06-20,-2,99,4,,,,,,,,,
Monaco,,2020-06-21,-1,100,4,,,,,,,,,
Monaco,,2020-06-22,0,101,4,,,,,,,,,
Monaco,,2020-06-23,1,101,4,,,,,,,,,
Monaco,,2020-06-24,2,102,4,,,,,,,,,
Monaco,,2020-06-25,3,102,4,,,,,,,,,
Monaco,,2020-06-26,4,102,4,,,,,,,,,
Monaco,,2020-06-27,5,103,4,,,,,,,,,
Monaco,,2020-06-28,6,103,4,,,,,,,,,
Monaco,,2020-06-29,7,103,4,,,,,,,,,
Monaco,,2020-06-30,8,103,4,,,,,,,,,
Monaco,,2020-07-01,9,103,4,,,,,,,,,
Monaco,,2020-07-02,10,106,4,,,,,,,,,
Monaco,,2020-07-03,11,106,4,,,,,,,,,
Monaco,,2020-07-04,12,106,4,,,,,,,,,
Monaco,,2020-07-05,13,108,4,,,,,,,,,
Monaco,,2020-07-06,14,108,4,,,,,,,,,
Monaco,,2020-07-07,15,108,4,,,,,,,,,
Monaco,,2020-07-08,16,108,4,,,,,,,,,
Monaco,,2020-07-09,17,108,4,,,,,,,,,
Monaco,,2020-07-10,18,108,4,,,,,,,,,
Monaco,,2020-07-11,19,109,4,,,,,,,,,
Monaco,,2020-07-12,20,109,4,,,,,,,,,
Monaco,,2020-07-13,21,109,4,,,,,,,,,
Monaco,,2020-07-14,22,109,4,,,,,,,,,
Monaco,,2020-07-15,23,109,4,,,,,,,,,
Monaco,,2020-07-16,24,109,4,,,,,,,,,
Monaco,,2020-07-17,25,109,4,,,,,,,,,
Monaco,,2020-07-18,26,109,4,,,,,,,,,
Monaco,,2020-07-19,27,109,4,,,,,,,,,
Monaco,,2020-07-20,28,109,4,,,,,,,,,
Monaco,,2020-07-21,29,111,4,,,,,,,,,
Monaco,,2020-07-22,30,112,4,,,,,,,,,
Monaco,,2020-07-23,31,114,4,,,,,,,,,
Monaco,,2020-07-24,32,116,4,,,,,,,,,
Monaco,,2020-07-25,33,116,4,,,,,,,,,
Monaco,,2020-07-26,34,116,4,,,,,,,,,
Monaco,,2020-07-27,35,116,4,,,,,,,,,
Monaco,,2020-07-28,36,117,4,,,,,,,,,
Monaco,,2020-07-29,37,120,4,,,,,,,,,
Monaco,,2020-07-30,38,120,4,,,,,,,,,
Monaco,,2020-07-31,39,120,4,,,,,,,,,
Monaco,,2020-08-01,40,120,4,,,,,,,,,
Monaco,,2020-08-02,41,120,4,,,,,,,,,
Monaco,,2020-08-03,42,121,4,,,,,,,,,
Monaco,,2020-08-04,43,123,4,,,,,,,,,
Monaco,,2020-08-05,44,125,4,,,,,,,,,
Monaco,,2020-08-06,45,125,4,,,,,,,,,
Monaco,,2020-08-07,46,128,4,,,,,,,,,
Monaco,,2020-08-08,47,131,4,,,,,,,,,
Monaco,,2020-08-09,48,133,4,,,,,,,,,
Monaco,,2020-08-10,49,133,4,,,,,,,,,
Monaco,,2020-08-11,50,138,4,,,,,,,,,
Monaco,,2020-08-12,51,141,4,,,,,,,,,
Monaco,,2020-08-13,52,144,4,,,,,,,,,
Monaco,,2020-08-14,53,146,4,,,,,,,,,
Monaco,,2020-08-15,54,146,4,,,,,,,,,
Monaco,,2020-08-16,55,146,4,,,,,,,,,
Monaco,,2020-08-17,56,148,4,,,,,,,,,
Monaco,,2020-08-18,57,148,4,,,,,,,,,
Monaco,,2020-08-19,58,148,4,,,,,,,,,
Monaco,,2020-08-20,59,150,4,,,,,,,,,
Monaco,,2020-08-21,60,154,4,,,,,,,,,
Monaco,,2020-08-22,61,154,4,,,,,,,,,
Monaco,,2020-08-23,62,154,4,,,,,,,,,
Monaco,,2020-08-24,63,154,4,,,,,,,,,
Monaco,,2020-08-25,64,154,4,,,,,,,,,
Monaco,,2020-08-26,65,154,4,,,,,,,,,
Monaco,,2020-08-27,66,154,4,,,,,,,,,
Monaco,,2020-08-28,67,154,4,,,,,,,,,
Monaco,,2020-08-29,68,154,4,,,,,,,,,
Monaco,,2020-08-30,69,154,4,,,,,,,,,
Monaco,,2020-08-31,70,154,4,,,,,,,,,
Monaco,,2020-09-01,71,154,4,,,,,,,,,
Monaco,,2020-09-02,72,142,1,,,,,,,,,
Monaco,,2020-09-03,73,143,1,,,,,,,,,
Monaco,,2020-09-04,74,147,1,,,,,,,,,
Monaco,,2020-09-05,75,147,1,,,,,,,,,
Monaco,,2020-09-06,76,147,1,,,,,,,,,
Monaco,,2020-09-07,77,153,1,,,,,,,,,
Monaco,,2020-09-08,78,156,1,,,,,,,,,
Monaco,,2020-09-09,79,161,1,,,,,,,,,
Monaco,,2020-09-10,80,165,1,,,,,,,,,
Monaco,,2020-09-11,81,168,1,,,,,,,,,
Monaco,,2020-09-12,82,169,1,,,,,,,,,
Monaco,,2020-09-13,83,171,1,,,,,,,,,
Monaco,,2020-09-14,84,177,1,,,,,,,,,
Monaco,,2020-09-15,85,178,1,,,,,,,,,
Monaco,,2020-09-16,86,181,1,,,,,,,,,
Monaco,,2020-09-17,87,186,1,,,,,,,,,
Monaco,,2020-09-18,88,191,1,,,,,,,,,
Monaco,,2020-09-19,89,192,1,,,,,,,,,
Monaco,,2020-09-20,90,193,1,,,,,,,,,
Monaco,,2020-09-21,91,195,1,,,,,,,,,
Monaco,,2020-09-22,92,197,1,,,,,,,,,
Monaco,,2020-09-23,93,199,1,,,,,,,,,
Monaco,,2020-09-24,94,205,1,,,,,,,,,
Monaco,,2020-09-25,95,208,2,,,,,,,,,
Monaco,,2020-09-26,96,210,2,,,,,,,,,
Monaco,,2020-09-27,97,210,2,,,,,,,,,
Monaco,,2020-09-28,98,212,2,,,,,,,,,
Monaco,,2020-09-29,99,214,2,,,,,,,,,
Monaco,,2020-09-30,100,218,2,,,,,,,,,
Monaco,,2020-10-01,101,219,2,,,,,,,,,
Monaco,,2020-10-02,102,221,2,,,,,,,,,
Monaco,,2020-10-03,103,222,2,,,,,,,,,
Monaco,,2020-10-04,104,222,2,,,,,,,,,
Monaco,,2020-10-05,105,223,2,,,,,,,,,
Monaco,,2020-10-06,106,224,2,,,,,,,,,
Monaco,,2020-10-07,107,227,2,,,,,,,,,
Monaco,,2020-10-08,108,229,2,,,,,,,,,
Monaco,,2020-10-09,109,233,2,,,,,,,,,
Monaco,,2020-10-10,110,233,2,,,,,,,,,
Monaco,,2020-10-11,111,234,2,,,,,,,,,
Monaco,,2020-10-12,112,236,2,,,,,,,,,
Monaco,,2020-10-13,113,241,2,,,,,,,,,
Monaco,,2020-10-14,114,248,2,,,,,,,,,
Monaco,,2020-10-15,115,253,2,,,,,,,,,
Monaco,,2020-10-16,116,255,2,,,,,,,,,
Monaco,,2020-10-17,117,260,2,,,,,,,,,
Monaco,,2020-10-18,118,265,2,,,,,,,,,
Monaco,,2020-10-19,119,268,2,,,,,,,,,
Monaco,,2020-10-20,120,271,2,,,,,,,,,
Monaco,,2020-10-21,121,273,2,,,,,,,,,
Monaco,,2020-10-22,122,281,2,,,,,,,,,
Monaco,,2020-10-23,123,295,2,,,,,,,,,
Monaco,,2020-10-24,124,296,2,,,,,,,,,
Monaco,,2020-10-25,125,306,2,,,,,,,,,
Monaco,,2020-10-26,126,310,2,,,,,,,,,
Monaco,,2020-10-27,127,320,2,,,,,,,,,
Monaco,,2020-10-28,128,337,2,,,,,,,,,
Monaco,,2020-10-29,129,347,2,,,,,,,,,
Monaco,,2020-10-30,130,355,2,,,,,,,,,
Monaco,,2020-10-31,131,359,2,,,,,,,,,
Monaco,,2020-11-01,132,366,2,,,,,,,,,
Monaco,,2020-11-02,133,375,2,,,,,,,,,
Monaco,,2020-11-03,134,397,2,,,,,,,,,
Monaco,,2020-11-04,135,412,2,,,,,,,,,
Monaco,,2020-11-05,136,430,2,,,,,,,,,
Monaco,,2020-11-06,137,454,2,,,,,,,,,
Monaco,,2020-11-07,138,483,2,,,,,,,,,
Monaco,,2020-11-08,139,486,2,,,,,,,,,
Monaco,,2020-11-09,140,490,2,,,,,,,,,
Monaco,,2020-11-10,141,512,2,,,,,,,,,
Monaco,,2020-11-11,142,524,2,,,,,,,,,
Monaco,,2020-11-12,143,532,2,,,,,,,,,
Monaco,,2020-11-13,144,540,2,,,,,,,,,
Monaco,,2020-11-14,145,545,2,,,,,,,,,
Monaco,,2020-11-15,146,548,2,,,,,,,,,
Monaco,,2020-11-16,147,552,2,,,,,,,,,
Monaco,,2020-11-17,148,557,3,,,,,,,,,
Monaco,,2020-11-18,149,565,3,,,,,,,,,
Monaco,,2020-11-19,150,573,3,,,,,,,,,
Monaco,,2020-11-20,151,577,3,,,,,,,,,
Monaco,,2020-11-21,152,581,3,,,,,,,,,
Monaco,,2020-11-22,153,582,3,,,,,,,,,
Monaco,,2020-11-23,154,583,3,,,,,,,,,
Monaco,,2020-11-24,155,587,3,,,,,,,,,
Monaco,,2020-11-25,156,594,3,,,,,,,,,
Monaco,,2020-11-26,157,600,3,,,,,,,,,
Monaco,,2020-11-27,158,603,3,,,,,,,,,
Monaco,,2020-11-28,159,607,3,,,,,,,,,
Monaco,,2020-11-29,160,608,3,,,,,,,,,
Monaco,,2020-11-30,161,609,3,,,,,,,,,
Monaco,,2020-12-01,162,617,3,,,,,,,,,
Monaco,,2020-12-02,163,621,3,,,,,,,,,
Monaco,,2020-12-03,164,630,3,,,,,,,,,
Monaco,,2020-12-04,165,630,3,,,,,,,,,
Monaco,,2020-12-05,166,637,3,,,,,,,,,
Monaco,,2020-12-06,167,638,3,,,,,,,,,
Monaco,,2020-12-07,168,641,3,,,,,,,,,
Monaco,,2020-12-08,169,648,3,,,,,,,,,
Monaco,,2020-12-09,170,655,3,,,,,,,,,
Monaco,,2020-12-10,171,657,3,,,,,,,,,
Monaco,,2020-12-11,172,659,3,,,,,,,,,
Monaco,,2020-12-12,173,668,3,,,,,,,,,
Monaco,,2020-12-13,174,668,3,,,,,,,,,
Monaco,,2020-12-14,175,671,3,,,,,,,,,
Monaco,,2020-12-15,176,678,3,,,,,,,,,
Monaco,,2020-12-16,177,685,3,,,,,,,,,
Monaco,,2020-12-17,178,700,3,,,,,,,,,
Monaco,,2020-12-18,179,715,3,,,,,,,,,
Monaco,,2020-12-19,180,723,3,,,,,,,,,
Monaco,,2020-12-20,181,728,3,,,,,,,,,
Monaco,,2020-12-21,182,742,3,,,,,,,,,
Monaco,,2020-12-22,183,756,3,,,,,,,,,
Monaco,,2020-12-23,184,767,3,,,,,,,,,
Monaco,,2020-12-24,185,783,3,,,,,,,,,
Monaco,,2020-12-25,186,789,3,,,,,,,,,
Monaco,,2020-12-26,187,797,3,,,,,,,,,
Monaco,,2020-12-27,188,797,3,,,,,,,,,
Monaco,,2020-12-28,189,801,3,,,,,,,,,
Monaco,,2020-12-29,190,827,3,,,,,,,,,
Monaco,,2020-12-30,191,853,3,,,,,,,0.0,0.0,0.0
Monaco,,2020-12-31,192,875,3,,,,,,,0.0,0.0,126.0
Monaco,,2021-01-01,193,885,3,,,,,,,0.0,0.0,126.0
Monaco,,2021-01-02,194,901,3,,,,,,,0.0,0.0,126.0
Monaco,,2021-01-03,195,907,3,,,,,,,0.0,0.0,126.0
Monaco,,2021-01-04,196,917,3,,,,,,,0.0,0.0,126.0
Monaco,,2021-01-05,197,947,3,,,,,,,0.0,0.0,126.0
Monaco,,2021-01-06,198,978,3,,,,,,,0.0,0.0,126.0
Monaco,,2021-01-07,199,1018,3,,,,,,,0.0,0.0,126.0
Monaco,,2021-01-08,200,1041,4,,,,,,,0.0,0.0,126.0
Monaco,,2021-01-09,201,1053,4,,,,,,,0.0,0.0,126.0
Monaco,,2021-01-10,202,1057,4,,,,,,,0.0,0.0,126.0
Monaco,,2021-01-11,203,1070,4,,,,,,,0.0,0.0,126.0
Monaco,,2021-01-12,204,1092,7,,,,,,,0.0,0.0,126.0
Monaco,,2021-01-13,205,1128,7,,,,,,,0.0,0.0,126.0
Monaco,,2021-01-14,206,1145,7,,,,,,,0.0,0.0,126.0
Monaco,,2021-01-15,207,1169,7,,,,,,,0.0,0.0,126.0
Monaco,,2021-01-16,208,1194,7,,,,,,,0.0,0.0,126.0
Monaco,,2021-01-17,209,1205,7,,,,,,,0.0,0.0,126.0
Monaco,,2021-01-18,210,1212,7,,,,,,,0.0,0.0,126.0
Monaco,,2021-01-19,211,1240,9,,,,,,,0.0,0.0,150.0
Monaco,,2021-01-20,212,1262,9,,,,,,,0.0,0.0,174.0
Monaco,,2021-01-21,213,1287,9,,,,,,,0.0,0.0,198.0
Monaco,,2021-01-22,214,1311,9,,,,,,,0.0,0.0,222.0
Monaco,,2021-01-23,215,1345,9,,,,,,,0.0,0.0,246.0
Monaco,,2021-01-24,216,1357,9,,,,,,,0.0,0.0,270.0
Monaco,,2021-01-25,217,1368,9,,,,,,,0.0,0.0,294.0
Monaco,,2021-01-26,218,1399,9,,,,,,,0.0,0.0,294.0
Monaco,,2021-01-27,219,1413,10,,,,,,,0.0,0.0,294.0
Monaco,,2021-01-28,220,1430,11,,,,,,,0.0,0.0,294.0
Monaco,,2021-01-29,221,1430,11,,,,,,,0.0,0.0,294.0
Monaco,,2021-01-30,222,1475,11,,,,,,,0.0,0.0,294.0
Monaco,,2021-01-31,223,1489,13,,,,,,,0.0,0.0,294.0
Monaco,,2021-02-01,224,1499,14,,,,,,,0.0,0.0,294.0
Monaco,,2021-02-02,225,1543,17,,,,,,,0.0,0.0,294.0
Monaco,,2021-02-03,226,1572,18,,,,,,,0.0,0.0,294.0
Monaco,,2021-02-04,227,1596,18,,,,,,,0.0,0.0,294.0
Monaco,,2021-02-05,228,1625,19,,,,,,,0.0,0.0,294.0
Monaco,,2021-02-06,229,1647,19,,,,,,,0.0,0.0,294.0
Monaco,,2021-02-07,230,1655,19,,,,,,,0.0,0.0,294.0
Monaco,,2021-02-08,231,1665,19,,,,,,,0.0,0.0,294.0
Monaco,,2021-02-09,232,1695,19,,,,,,,0.0,0.0,294.0
Monaco,,2021-02-10,233,1717,19,,,,,,,0.0,0.0,294.0
Monaco,,2021-02-11,234,1735,19,,,,,,,0.0,0.0,294.0
Monaco,,2021-02-12,235,1752,21,,,,,,,0.0,0.0,294.0
Monaco,,2021-02-13,236,1755,21,,,,,,,0.0,0.0,294.0
Monaco,,2021-02-14,237,1760,21,,,,,,,0.0,0.0,294.0
Monaco,,2021-02-15,238,1774,21,,,,,,,0.0,0.0,294.0
Monaco,,2021-02-16,239,1787,21,,,,,,,0.0,0.0,294.0
Monaco,,2021-02-17,240,1816,22,,,,,,,0.0,0.0,294.0
Monaco,,2021-02-18,241,1835,22,,,,,,,0.0,0.0,294.0
Monaco,,2021-02-19,242,1844,22,,,,,,,0.0,0.0,294.0
Monaco,,2021-02-20,243,1862,22,,,,,,,0.0,0.0,294.0
Monaco,,2021-02-21,244,1870,22,,,,,,,0.0,0.0,294.0
Monaco,,2021-02-22,245,1885,22,,,,,,,0.0,0.0,294.0
Monaco,,2021-02-23,246,1904,23,,,,,,,0.0,0.0,294.0
Monaco,,2021-02-24,247,1916,23,,,,,,,0.0,0.0,294.0
Monaco,,2021-02-25,248,1932,23,,,,,,,0.0,0.0,294.0
Monaco,,2021-02-26,249,1942,23,,,,,,,0.0,0.0,294.0
Monaco,,2021-02-27,250,1953,24,,,,,,,0.0,0.0,294.0
Monaco,,2021-02-28,251,1956,24,,,,,,,0.0,0.0,294.0
Monaco,,2021-03-01,252,1965,24,,,,,,,0.0,0.0,294.0
Monaco,,2021-03-02,253,1965,25,,,,,,,0.0,0.0,294.0
Monaco,,2021-03-03,254,1981,26,,,,,,,0.0,0.0,294.0
Monaco,,2021-03-04,255,1997,26,,,,,,,8449.0,7163.0,294.0
Monaco,,2021-03-05,256,2009,26,,,,,,,8449.0,7163.0,275.0
Monaco,,2021-03-06,257,2019,26,,,,,,,8449.0,7163.0,257.0
Monaco,,2021-03-07,258,2023,26,,,,,,,8449.0,7163.0,238.0
Monaco,,2021-03-08,259,2028,26,,,,,,,8449.0,7163.0,220.0
Monaco,,2021-03-09,260,2048,26,,,,,,,8449.0,7163.0,201.0
Monaco,,2021-03-10,261,2062,26,,,,,,,8449.0,7163.0,183.0
Monaco,,2021-03-11,262,2075,26,,,,,,,8449.0,7163.0,165.0
Monaco,,2021-03-12,263,2097,27,,,,,,,8449.0,7163.0,165.0
Monaco,,2021-03-13,264,2106,27,,,,,,,8449.0,7163.0,165.0
Monaco,,2021-03-14,265,2107,27,,,,,,,8449.0,7163.0,165.0
Monaco,,2021-03-15,266,2120,27,,,,,,,8449.0,7163.0,165.0
Monaco,,2021-03-16,267,2135,27,,,,,,,8449.0,7163.0,165.0
Monaco,,2021-03-17,268,2141,27,,,,,,,8449.0,7163.0,165.0
Monaco,,2021-03-18,269,2149,27,,,,,,,8449.0,7163.0,165.0
Monaco,,2021-03-19,270,2164,27,,,,,,,9750.0,8331.0,165.0
Monaco,,2021-03-20,271,2173,27,,,,,,,9750.0,8331.0,166.0
Monaco,,2021-03-21,272,2173,27,,,,,,,9750.0,8331.0,167.0
Monaco,,2021-03-22,273,2182,27,,,,,,,9750.0,8331.0,168.0
Monaco,,2021-03-23,274,2199,27,,,,,,,9750.0,8331.0,170.0
Monaco,,2021-03-24,275,2210,28,,,,,,,9750.0,8331.0,171.0
Monaco,,2021-03-25,276,2227,28,,,,,,,9750.0,8331.0,172.0
Monaco,,2021-03-26,277,2248,28,,,,,,,9750.0,8331.0,174.0
Monaco,,2021-03-27,278,2254,28,,,,,,,9750.0,8331.0,174.0
Monaco,,2021-03-28,279,2259,28,,,,,,,9750.0,8331.0,174.0
Monaco,,2021-03-29,280,2265,28,,,,,,,9750.0,8331.0,174.0
Monaco,,2021-03-30,281,2282,28,,,,,,,9750.0,8331.0,174.0
Monaco,,2021-03-31,282,2288,28,,,,,,,9750.0,8331.0,174.0
Monaco,,2021-04-01,283,2305,28,,,,,,,9750.0,8331.0,174.0
Monaco,,2021-04-02,284,2320,28,,,,,,,11715.0,8795.0,174.0
Monaco,,2021-04-03,285,2326,29,,,,,,,11715.0,8795.0,176.0
Monaco,,2021-04-04,286,2329,29,,,,,,,11715.0,8795.0,178.0
Monaco,,2021-04-05,287,2334,30,,,,,,,11715.0,8795.0,180.0
Monaco,,2021-04-06,288,2345,30,,,,,,,11715.0,8795.0,182.0
Monaco,,2021-04-07,289,2353,30,,,,,,,11715.0,8795.0,184.0
Monaco,,2021-04-08,290,2364,30,,,,,,,11715.0,8795.0,186.0
Monaco,,2021-04-09,291,2369,31,,,,,,,11715.0,8795.0,188.0
Monaco,,2021-04-10,292,2374,31,,,,,,,11715.0,8795.0,188.0
Monaco,,2021-04-11,293,2375,31,,,,,,,11715.0,8795.0,188.0
Monaco,,2021-04-12,294,2377,31,,,,,,,11715.0,8795.0,188.0
Monaco,,2021-04-13,295,2378,31,,,,,,,11715.0,8795.0,188.0
Monaco,,2021-04-14,296,2384,31,,,,,,,11715.0,8795.0,188.0
Monaco,,2021-04-15,297,2387,31,,,,,,,12094.0,10859.0,188.0
Monaco,,2021-04-16,298,2391,31,,,,,,,12094.0,10859.0,190.0
Monaco,,2021-04-17,299,2395,31,,,,,,,12094.0,10859.0,193.0
Monaco,,2021-04-18,300,2399,31,,,,,,,12094.0,10859.0,195.0
Monaco,,2021-04-19,301,2404,31,,,,,,,12094.0,10859.0,198.0
Monaco,,2021-04-20,302,2413,31,,,,,,,12094.0,10859.0,200.0
Monaco,,2021-04-21,303,2422,31,,,,,,,12094.0,10859.0,203.0
Monaco,,2021-04-22,304,2423,31,,,,,,,12758.0,11632.0,205.0
Monaco,,2021-04-23,305,2426,31,,,,,,,12758.0,11632.0,191.0
Monaco,,2021-04-24,306,2429,31,,,,,,,12758.0,11632.0,176.0
Monaco,,2021-04-25,307,2432,32,,,,,,,12758.0,11632.0,161.0
Monaco,,2021-04-26,308,2439,32,,,,,,,12758.0,11632.0,146.0
Monaco,,2021-04-27,309,2442,32,,,,,,,12758.0,11632.0,132.0
Monaco,,2021-04-28,310,2447,32,,,,,,,12758.0,11632.0,117.0
Monaco,,2021-04-29,311,2452,32,,,,,,,13289.0,11815.0,102.0
Monaco,,2021-04-30,312,2454,32,,,,,,,13289.0,11815.0,104.0
Monaco,,2021-05-01,313,2457,32,,,,,,,13289.0,11815.0,107.0
Monaco,,2021-05-02,314,2457,32,,,,,,,13289.0,11815.0,109.0
Monaco,,2021-05-03,315,2465,32,,,,,,,13289.0,11815.0,112.0
Monaco,,2021-05-04,316,2468,32,,,,,,,13289.0,11815.0,114.0
Monaco,,2021-05-05,317,2471,32,,,,,,,13289.0,11815.0,117.0
Monaco,,2021-05-06,318,2475,32,,,,,,,13934.0,12003.0,119.0
Monaco,,2021-05-07,319,2477,32,,,,,,,13934.0,12003.0,134.0
Monaco,,2021-05-08,320,2479,32,,,,,,,13934.0,12003.0,150.0
Monaco,,2021-05-09,321,2479,32,,,,,,,13934.0,12003.0,165.0
Monaco,,2021-05-10,322,2481,32,,,,,,,13934.0,12003.0,181.0
Monaco,,2021-05-11,323,2486,32,,,,,,,13934.0,12003.0,196.0
Monaco,,2021-05-12,324,2487,32,,,,,,,13934.0,12003.0,212.0
Monaco,,2021-05-13,325,2490,32,,,,,,,13934.0,12003.0,227.0
Monaco,,2021-05-14,326,2490,32,,,,,,,13934.0,12003.0,227.0
Monaco,,2021-05-15,327,2493,32,,,,,,,13934.0,12003.0,227.0
Monaco,,2021-05-16,328,2493,32,,,,,,,13934.0,12003.0,227.0
Monaco,,2021-05-17,329,2494,32,,,,,,,13934.0,12003.0,227.0
Monaco,,2021-05-18,330,2495,32,,,,,,,15688.0,12975.0,227.0
Monaco,,2021-05-19,331,2497,32,,,,,,,15688.0,12975.0,216.0
Monaco,,2021-05-20,332,2499,32,,,,,,,15688.0,12975.0,206.0
Monaco,,2021-05-21,333,2500,32,,,,,,,15688.0,12975.0,195.0
Monaco,,2021-05-22,334,2501,32,,,,,,,15688.0,12975.0,184.0
Monaco,,2021-05-23,335,2501,32,,,,,,,15688.0,12975.0,173.0
Monaco,,2021-05-24,336,2501,32,,,,,,,15688.0,12975.0,163.0
Monaco,,2021-05-25,337,2502,32,,,,,,,15688.0,12975.0,152.0
Monaco,,2021-05-26,338,2503,32,,,,,,,15688.0,12975.0,152.0
Monaco,,2021-05-27,339,2503,32,,,,,,,16502.0,13527.0,152.0
Monaco,,2021-05-28,340,2503,32,,,,,,,16502.0,13527.0,166.0
Monaco,,2021-05-29,341,2503,32,,,,,,,16502.0,13527.0,180.0
Monaco,,2021-05-30,342,2504,32,,,,,,,16502.0,13527.0,194.0
Monaco,,2021-05-31,343,2504,32,,,,,,,16502.0,13527.0,207.0
Monaco,,2021-06-01,344,2506,33,,,,,,,16502.0,13527.0,221.0
Monaco,,2021-06-02,345,2508,33,,,,,,,16502.0,13527.0,235.0
Monaco,,2021-06-03,346,2508,33,,,,,,,17704.0,14070.0,249.0
Monaco,,2021-06-04,347,2508,33,,,,,,,17704.0,14070.0,258.0
Monaco,,2021-06-05,348,2508,33,,,,,,,17704.0,14070.0,267.0
Monaco,,2021-06-06,349,2508,33,,,,,,,17704.0,14070.0,277.0
Monaco,,2021-06-07,350,2508,33,,,,,,,17704.0,14070.0,286.0
Monaco,,2021-06-08,351,2511,33,,,,,,,17704.0,14070.0,295.0
Monaco,,2021-06-09,352,2514,33,,,,,,,17704.0,14070.0,304.0
Monaco,,2021-06-10,353,2516,33,,,,,,,18836.0,15129.0,313.0
Monaco,,2021-06-11,354,2520,33,,,,,,,18836.0,15129.0,295.0
Monaco,,2021-06-12,355,2524,33,,,,,,,18836.0,15129.0,278.0
Monaco,,2021-06-13,356,2525,33,,,,,,,18836.0,15129.0,260.0
Monaco,,2021-06-14,357,2526,33,,,,,,,18836.0,15129.0,242.0
Monaco,,2021-06-15,358,2532,33,,,,,,,18836.0,15129.0,224.0
Monaco,,2021-06-16,359,2539,33,,,,,,,18836.0,15129.0,207.0
Monaco,,2021-06-17,360,2545,33,,,,,,,18836.0,15129.0,189.0
Monaco,,2021-06-18,361,2547,33,,,,,,,18836.0,15129.0,189.0
Monaco,,2021-06-19,362,2548,33,,,,,,,18836.0,15129.0,189.0
Monaco,,2021-06-20,363,2548,33,,,,,,,18836.0,15129.0,189.0
Monaco,,2021-06-21,364,2549,33,,,,,,,18836.0,15129.0,189.0
Monaco,,2021-06-22,365,2554,33,,,,,,,18836.0,15129.0,189.0
Monaco,,2021-06-23,366,2557,33,,,,,,,18836.0,15129.0,189.0
Monaco,,2021-06-24,367,2562,33,,,,,,,19842.0,16767.0,189.0
Monaco,,2021-06-25,368,2570,33,,,,,,,19842.0,16767.0,188.0
Monaco,,2021-06-26,369,2570,33,,,,,,,19842.0,16767.0,186.0
Monaco,,2021-06-27,370,2571,33,,,,,,,19842.0,16767.0,185.0
Monaco,,2021-06-28,371,2575,33,,,,,,,19842.0,16767.0,184.0
Monaco,,2021-06-29,372,2576,33,,,,,,,19842.0,16767.0,183.0
Monaco,,2021-06-30,373,2577,33,,,,,,,19842.0,16767.0,182.0
Monaco,,2021-07-01,374,2580,33,,,,,,,20178.0,17694.0,180.0
Monaco,,2021-07-02,375,2586,33,,,,,,,20178.0,17694.0,175.0
Monaco,,2021-07-03,376,2587,33,,,,,,,20178.0,17694.0,169.0
Monaco,,2021-07-04,377,2587,33,,,,,,,20178.0,17694.0,163.0
Monaco,,2021-07-05,378,2589,33,,,,,,,20178.0,17694.0,157.0
Monaco,,2021-07-06,379,2595,33,,,,,,,20178.0,17694.0,151.0
Monaco,,2021-07-07,380,2599,33,,,,,,,20178.0,17694.0,145.0
Monaco,,2021-07-08,381,2603,33,,,,,,,20624.0,18225.0,140.0
Monaco,,2021-07-09,382,2611,33,,,,,,,20624.0,18225.0,139.0
Monaco,,2021-07-10,383,2622,33,,,,,,,20624.0,18225.0,138.0
Monaco,,2021-07-11,384,2622,33,,,,,,,20624.0,18225.0,137.0
Monaco,,2021-07-12,385,2624,33,,,,,,,20624.0,18225.0,137.0
Monaco,,2021-07-13,386,2640,33,,,,,,,20624.0,18225.0,136.0
Monaco,,2021-07-14,387,2648,33,,,,,,,20624.0,18225.0,135.0
Monaco,,2021-07-15,388,2655,33,,,,,,,21144.0,18646.0,134.0
Monaco,,2021-07-16,389,2662,33,,,,,,,21144.0,18646.0,132.0
Monaco,,2021-07-17,390,2680,33,,,,,,,21144.0,18646.0,130.0
Monaco,,2021-07-18,391,2682,33,,,,,,,21144.0,18646.0,128.0
Monaco,,2021-07-19,392,2693,33,,,,,,,21144.0,18646.0,126.0
Monaco,,2021-07-20,393,2717,33,,,,,,,21144.0,18646.0,124.0
Monaco,,2021-07-21,394,2728,33,,,,,,,21144.0,18646.0,122.0
Monaco,,2021-07-22,395,2744,33,,,,,,,21796.0,18834.0,120.0
Monaco,,2021-07-23,396,2757,33,,,,,,,21796.0,18834.0,142.0
Monaco,,2021-07-24,397,2779,33,,,,,,,21796.0,18834.0,163.0
Monaco,,2021-07-25,398,2785,33,,,,,,,21796.0,18834.0,185.0
Monaco,,2021-07-26,399,2796,33,,,,,,,21796.0,18834.0,207.0
Monaco,,2021-07-27,400,2814,33,,,,,,,21796.0,18834.0,229.0
Monaco,,2021-07-28,401,2833,33,,,,,,,21796.0,18834.0,250.0
Monaco,,2021-07-29,402,2853,33,,,,,,,21796.0,18834.0,272.0
Monaco,,2021-07-30,403,2873,33,,,,,,,23551.0,19255.0,272.0
Monaco,,2021-07-31,404,2889,33,,,,,,,23551.0,19255.0,263.0
Monaco,,2021-08-01,405,2891,33,,,,,,,23551.0,19255.0,254.0
Monaco,,2021-08-02,406,2897,33,,,,,,,23551.0,19255.0,245.0
Monaco,,2021-08-03,407,2926,33,,,,,,,23551.0,19255.0,236.0
Monaco,,2021-08-04,408,2940,33,,,,,,,23551.0,19255.0,227.0
Monaco,,2021-08-05,409,2961,33,,,,,,,24454.0,19606.0,218.0
Monaco,,2021-08-06,410,2973,33,,,,,,,24454.0,19606.0,202.0
Monaco,,2021-08-07,411,2973,33,,,,,,,24454.0,19606.0,195.0
Monaco,,2021-08-08,412,2974,33,,,,,,,24454.0,19606.0,188.0
Monaco,,2021-08-09,413,2992,33,,,,,,,24454.0,19606.0,182.0
Monaco,,2021-08-10,414,3021,33,,,,,,,24454.0,19606.0,175.0
Monaco,,2021-08-11,415,3035,33,,,,,,,24454.0,19606.0,168.0
Monaco,,2021-08-12,416,3040,33,,,,,,,24454.0,19606.0,161.0
Monaco,,2021-08-13,417,3055,33,,,,,,,24454.0,19606.0,161.0
Monaco,,2021-08-14,418,3058,33,,,,,,,24454.0,19606.0,161.0
Monaco,,2021-08-15,419,3059,33,,,,,,,24454.0,19606.0,161.0
Monaco,,2021-08-16,420,3074,33,,,,,,,24454.0,19606.0,161.0
Monaco,,2021-08-17,421,3080,33,,,,,,,24454.0,19606.0,161.0
Monaco,,2021-08-18,422,3099,33,,,,,,,24454.0,19606.0,161.0
Monaco,,2021-08-19,423,3105,33,,,,,,,25355.0,20960.0,161.0
Monaco,,2021-08-20,424,3121,33,,,,,,,25355.0,20960.0,170.0
Monaco,,2021-08-21,425,3129,33,,,,,,,25355.0,20960.0,179.0
Monaco,,2021-08-22,426,3133,33,,,,,,,25355.0,20960.0,188.0
Monaco,,2021-08-23,427,3141,33,,,,,,,25355.0,20960.0,197.0
Monaco,,2021-08-24,428,3156,33,,,,,,,25355.0,20960.0,206.0
Monaco,,2021-08-25,429,3163,33,,,,,,,25355.0,20960.0,215.0
Monaco,,2021-08-26,430,3170,33,,,,,,,25930.0,21952.0,224.0
Monaco,,2021-08-27,431,3178,33,,,,,,,25930.0,21952.0,208.0
Monaco,,2021-08-28,432,3183,33,,,,,,,25930.0,21952.0,193.0
Monaco,,2021-08-29,433,3183,33,,,,,,,25930.0,21952.0,177.0
Monaco,,2021-08-30,434,3188,33,,,,,,,25930.0,21952.0,162.0
Monaco,,2021-08-31,435,3201,33,,,,,,,25930.0,21952.0,147.0
Monaco,,2021-09-01,436,3211,33,,,,,,,25930.0,21952.0,131.0
Monaco,,2021-09-02,437,3220,33,,,,,,,26135.0,22556.0,116.0
Monaco,,2021-09-03,438,3224,33,,,,,,,26135.0,22556.0,111.0
Monaco,,2021-09-04,439,3232,33,,,,,,,26135.0,22556.0,106.0
Monaco,,2021-09-05,440,3234,33,,,,,,,26135.0,22556.0,101.0
Monaco,,2021-09-06,441,3240,33,,,,,,,26135.0,22556.0,96.0
Monaco,,2021-09-07,442,3253,33,,,,,,,26135.0,22556.0,91.0
Monaco,,2021-09-08,443,3260,33,,,,,,,26135.0,22556.0,86.0
Monaco,,2021-09-09,444,3265,33,,,,,,,26451.0,22811.0,82.0
Monaco,,2021-09-10,445,3273,33,,,,,,,26451.0,22811.0,85.0
Monaco,,2021-09-11,446,3275,33,,,,,,,26451.0,22811.0,88.0
Monaco,,2021-09-12,447,3276,33,,,,,,,26451.0,22811.0,91.0
Monaco,,2021-09-13,448,3281,33,,,,,,,26451.0,22811.0,94.0
Monaco,,2021-09-14,449,3284,33,,,,,,,26451.0,22811.0,97.0
Monaco,,2021-09-15,450,3285,33,,,,,,,26451.0,22811.0,100.0
Monaco,,2021-09-16,451,3288,33,,,,,,,26672.0,23308.0,103.0
Monaco,,2021-09-17,452,3290,33,,,,,,,26672.0,23308.0,110.0
Monaco,,2021-09-18,453,3290,33,,,,,,,26672.0,23308.0,118.0
Monaco,,2021-09-19,454,3290,33,,,,,,,26672.0,23308.0,126.0
Monaco,,2021-09-20,455,3290,33,,,,,,,26672.0,23308.0,134.0
Monaco,,2021-09-21,456,3297,33,,,,,,,26672.0,23308.0,142.0
Monaco,,2021-09-22,457,3299,33,,,,,,,26672.0,23308.0,150.0
Monaco,,2021-09-23,458,3300,33,,,,,,,26672.0,23308.0,158.0
Monaco,,2021-09-24,459,3302,33,,,,,,,26672.0,23308.0,158.0
Monaco,,2021-09-25,460,3303,33,,,,,,,26672.0,23308.0,158.0
Monaco,,2021-09-26,461,3303,33,,,,,,,26672.0,23308.0,158.0
Monaco,,2021-09-27,462,3303,33,,,,,,,26672.0,23308.0,158.0
Monaco,,2021-09-28,463,3312,33,,,,,,,26672.0,23308.0,158.0
Monaco,,2021-09-29,464,3313,33,,,,,,,26672.0,23308.0,158.0
Monaco,,2021-09-30,465,3314,33,,,,,,,26672.0,23308.0,158.0
Monaco,,2021-10-01,466,3314,33,,,,,,,26672.0,23308.0,158.0
Monaco,,2021-10-02,467,3314,33,,,,,,,26672.0,23308.0,158.0
Monaco,,2021-10-03,468,3314,33,,,,,,,26672.0,23308.0,158.0
Monaco,,2021-10-04,469,3317,33,,,,,,,26672.0,23308.0,158.0
Monaco,,2021-10-05,470,3324,33,,,,,,,26672.0,23308.0,158.0
Monaco,,2021-10-06,471,3327,35,,,,,,,26672.0,23308.0,158.0
Monaco,,2021-10-07,472,3327,35,,,,,,,26672.0,23308.0,158.0
Monaco,,2021-10-08,473,3331,35,,,,,,,26672.0,23308.0,158.0
Monaco,,2021-10-09,474,3333,35,,,,,,,26672.0,23308.0,158.0
Monaco,,2021-10-10,475,3335,35,,,,,,,26672.0,23308.0,158.0
Monaco,,2021-10-11,476,3336,35,,,,,,,26672.0,23308.0,158.0
Monaco,,2021-10-12,477,3337,35,,,,,,,26672.0,23308.0,158.0
Monaco,,2021-10-13,478,3337,35,,,,,,,26672.0,23308.0,158.0
Monaco,,2021-10-14,479,3354,35,,,,,,,26672.0,23308.0,158.0
Monaco,,2021-10-15,480,3357,35,,,,,,,26672.0,23308.0,158.0
Monaco,,2021-10-16,481,3358,35,,,,,,,26672.0,23308.0,158.0
Monaco,,2021-10-17,482,3358,35,,,,,,,26672.0,23308.0,158.0
Monaco,,2021-10-18,483,3363,35,,,,,,,26672.0,23308.0,158.0
Monaco,,2021-10-19,484,3378,35,,,,,,,26672.0,23308.0,158.0
Monaco,,2021-10-20,485,3382,35,,,,,,,26672.0,23308.0,158.0
Monaco,,2021-10-21,486,3387,35,,,,,,,26672.0,23308.0,158.0
Monaco,,2021-10-22,487,3388,35,,,,,,,26672.0,23308.0,158.0
Monaco,,2021-10-23,488,3389,35,,,,,,,26672.0,23308.0,158.0
Monaco,,2021-10-24,489,3389,36,,,,,,,26672.0,23308.0,158.0
Monaco,,2021-10-25,490,3394,36,,,,,,,26672.0,23308.0,158.0
Monaco,,2021-10-26,491,3399,36,,,,,,,26672.0,23308.0,158.0
Monaco,,2021-10-27,492,3399,36,,,,,,,26672.0,23308.0,158.0
Monaco,,2021-10-28,493,3407,36,,,,,,,26672.0,23308.0,158.0
Monaco,,2021-10-29,494,3414,36,,,,,,,26672.0,23308.0,158.0
Monaco,,2021-10-30,495,3414,36,,,,,,,26672.0,23308.0,158.0
Monaco,,2021-10-31,496,3414,36,,,,,,,26672.0,23308.0,158.0
Monaco,,2021-11-01,497,3414,36,,,,,,,26672.0,23308.0,158.0
Monaco,,2021-11-02,498,3414,36,,,,,,,26672.0,23308.0,158.0
Monaco,,2021-11-03,499,3424,36,,,,,,,26672.0,23308.0,158.0
Monaco,,2021-11-04,500,3424,36,,,,,,,26672.0,23308.0,158.0
Monaco,,2021-11-05,501,3434,36,,,,,,,26672.0,23308.0,158.0
Monaco,,2021-11-06,502,3436,36,,,,,,,26672.0,23308.0,158.0
Monaco,,2021-11-07,503,3436,36,,,,,,,26672.0,23308.0,158.0
Monaco,,2021-11-08,504,3439,36,,,,,,,26672.0,23308.0,158.0
Monaco,,2021-11-09,505,3451,36,,,,,,,26672.0,23308.0,158.0
Monaco,,2021-11-10,506,3451,36,,,,,,,26672.0,23308.0,158.0
Monaco,,2021-11-11,507,3467,36,,,,,,,26672.0,23308.0,158.0
Monaco,,2021-11-12,508,3473,36,,,,,,,26672.0,23308.0,158.0
Monaco,,2021-11-13,509,3478,36,,,,,,,26672.0,23308.0,158.0
Monaco,,2021-11-14,510,3478,36,,,,,,,26672.0,23308.0,158.0
Monaco,,2021-11-15,511,3486,36,,,,,,,26672.0,23308.0,158.0
Monaco,,2021-11-16,512,3498,36,,,,,,,26672.0,23308.0,158.0
Monaco,,2021-11-17,513,3516,36,,,,,,,26672.0,23308.0,158.0
Monaco,,2021-11-18,514,3536,36,,,,,,,26672.0,23308.0,158.0
Monaco,,2021-11-19,515,3550,36,,,,,,,26672.0,23308.0,158.0
Monaco,,2021-11-20,516,3552,36,,,,,,,26672.0,23308.0,158.0
Monaco,,2021-11-21,517,3554,36,,,,,,,26672.0,23308.0,158.0
Monaco,,2021-11-22,518,3567,36,,,,,,,26672.0,23308.0,158.0
Monaco,,2021-11-23,519,3612,36,,,,,,,26672.0,23308.0,158.0
Monaco,,2021-11-24,520,3612,36,,,,,,,26672.0,23308.0,158.0
Monaco,,2021-11-25,521,3669,36,,,,,,,26672.0,23308.0,158.0
Monaco,,2021-11-26,522,3705,36,,,,,,,26672.0,23308.0,158.0
Monaco,,2021-11-27,523,3705,36,,,,,,,26672.0,23308.0,158.0
Monaco,,2021-11-28,524,3705,36,,,,,,,26672.0,23308.0,158.0
Monaco,,2021-11-29,525,3738,36,,,,,,,26672.0,23308.0,158.0
Monaco,,2021-11-30,526,3738,36,,,,,,,26672.0,23308.0,158.0
Monaco,,2021-12-01,527,3797,36,,,,,,,26672.0,23308.0,158.0
Monaco,,2021-12-02,528,3820,36,,,,,,,26672.0,23308.0,158.0
Monaco,,2021-12-03,529,3850,36,,,,,,,26672.0,23308.0,158.0
Monaco,,2021-12-04,530,3879,36,,,,,,,26672.0,23308.0,158.0
Monaco,,2021-12-05,531,3885,36,,,,,,,26672.0,23308.0,158.0
Monaco,,2021-12-06,532,3902,36,,,,,,,26672.0,23308.0,158.0
Monaco,,2021-12-07,533,3942,36,,,,,,,26672.0,23308.0,158.0
Monaco,,2021-12-08,534,3942,36,,,,,,,26672.0,23308.0,158.0
Monaco,,2021-12-09,535,4006,36,,,,,,,26672.0,23308.0,158.0
Monaco,,2021-12-10,536,4054,36,,,,,,,26672.0,23308.0,158.0
Monaco,,2021-12-11,537,4093,36,,,,,,,26672.0,23308.0,158.0
Monaco,,2021-12-12,538,4093,36,,,,,,,26672.0,23308.0,158.0
Monaco,,2021-12-13,539,4114,36,,,,,,,26672.0,23308.0,158.0
Monaco,,2021-12-14,540,4114,36,,,,,,,26672.0,23308.0,158.0
Monaco,,2021-12-15,541,4114,36,,,,,,,26672.0,23308.0,158.0
Monaco,,2021-12-16,542,4114,36,,,,,,,26672.0,23308.0,158.0
Monaco,,2021-12-17,543,4339,36,,,,,,,26672.0,23308.0,158.0
Monaco,,2021-12-18,544,4386,36,,,,,,,26672.0,23308.0,158.0
Monaco,,2021-12-19,545,4406,37,,,,,,,26672.0,23308.0,158.0
Monaco,,2021-12-20,546,4406,37,,,,,,,26672.0,23308.0,158.0
Monaco,,2021-12-21,547,4485,37,,,,,,,28875.0,25667.0,158.0
Monaco,,2021-12-22,548,4485,37,,,,,,,28875.0,25667.0,
Monaco,,2021-12-23,549,4606,38,,,,,,,28875.0,25667.0,
Monaco,,2021-12-24,550,4670,38,,,,,,,28875.0,25667.0,
Monaco,,2021-12-25,551,4750,38,,,,,,,28875.0,25667.0,
Monaco,,2021-12-26,552,4766,38,,,,,,,28875.0,25667.0,
Monaco,,2021-12-27,553,4809,38,,,,,,,28875.0,25667.0,
Monaco,,2021-12-28,554,4889,38,,,,,,,28875.0,25667.0,
Monaco,,2021-12-29,555,4985,38,,,,,,,28875.0,25667.0,
Monaco,,2021-12-30,556,4985,38,,,,,,,28875.0,25667.0,
Monaco,,2021-12-31,557,4985,38,,,,,,,28875.0,25667.0,
Monaco,,2022-01-01,558,4985,39,,,,,,,28875.0,25667.0,
Monaco,,2022-01-02,559,4985,39,,,,,,,28875.0,25667.0,
Monaco,,2022-01-03,560,4985,39,,,,,,,28875.0,25667.0,
Monaco,,2022-01-04,561,4985,39,,,,,,,28875.0,25667.0,
Monaco,,2022-01-05,562,5492,41,,,,,,,28875.0,25667.0,
Monaco,,2022-01-06,563,5593,42,,,,,,,28875.0,25667.0,
Monaco,,2022-01-07,564,5593,42,,,,,,,28875.0,25667.0,
Monaco,,2022-01-08,565,5593,42,,,,,,,28875.0,25667.0,
Monaco,,2022-01-09,566,5593,42,,,,,,,28875.0,25667.0,
Monaco,,2022-01-10,567,6087,42,,,,,,,28875.0,25667.0,
Monaco,,2022-01-11,568,6165,44,,,,,,,28875.0,25667.0,
Monaco,,2022-01-12,569,6266,44,,,,,,,28875.0,25667.0,
Monaco,,2022-01-13,570,6362,44,,,,,,,28875.0,25667.0,
Monaco,,2022-01-14,571,6485,44,,,,,,,28875.0,25667.0,
Monaco,,2022-01-15,572,6610,44,,,,,,,28875.0,25667.0,
Monaco,,2022-01-16,573,6756,44,,,,,,,28875.0,25667.0,
Monaco,,2022-01-17,574,6837,44,,,,,,,28875.0,25667.0,
Monaco,,2022-01-18,575,6943,44,,,,,,,28875.0,25667.0,
Monaco,,2022-01-19,576,7041,44,,,,,,,28875.0,25667.0,
Monaco,,2022-01-20,577,7160,45,,,,,,,28875.0,25667.0,
Monaco,,2022-01-21,578,7304,45,,,,,,,28875.0,25667.0,
Monaco,,2022-01-22,579,7451,45,,,,,,,28875.0,25667.0,
Monaco,,2022-01-23,580,7583,45,,,,,,,28875.0,25667.0,
Monaco,,2022-01-24,581,7691,45,,,,,,,28875.0,25667.0,
Monaco,,2022-01-25,582,7790,46,,,,,,,28875.0,25667.0,
Monaco,,2022-01-26,583,7790,46,,,,,,,28875.0,25667.0,
Monaco,,2022-01-27,584,7790,46,,,,,,,28875.0,25667.0,
Monaco,,2022-01-28,585,8183,46,,,,,,,28875.0,25667.0,
Monaco,,2022-01-29,586,8183,46,,,,,,,28875.0,25667.0,
Monaco,,2022-01-30,587,8183,46,,,,,,,28875.0,25667.0,
Monaco,,2022-01-31,588,8183,47,,,,,,,28875.0,25667.0,
Monaco,,2022-02-01,589,8183,47,,,,,,,28875.0,25667.0,
Monaco,,2022-02-02,590,8183,48,,,,,,,28875.0,25667.0,
Monaco,,2022-02-03,591,8183,48,,,,,,,28875.0,25667.0,
Monaco,,2022-02-04,592,8703,48,,,,,,,28875.0,25667.0,
Monaco,,2022-02-05,593,8761,48,,,,,,,28875.0,25667.0,
Monaco,,2022-02-06,594,8770,48,,,,,,,28875.0,25667.0,
Monaco,,2022-02-07,595,8770,48,,,,,,,28875.0,25667.0,
Monaco,,2022-02-08,596,8880,48,,,,,,,28875.0,25667.0,
Monaco,,2022-02-09,597,8922,49,,,,,,,28875.0,25667.0,
Monaco,,2022-02-10,598,8956,49,,,,,,,28875.0,25667.0,
Monaco,,2022-02-11,599,8988,49,,,,,,,28875.0,25667.0,
Monaco,,2022-02-12,600,9020,49,,,,,,,28875.0,25667.0,
Monaco,,2022-02-13,601,9020,49,,,,,,,28875.0,25667.0,
Monaco,,2022-02-14,602,9020,50,,,,,,,28875.0,25667.0,
Monaco,,2022-02-15,603,9085,50,,,,,,,28875.0,25667.0,
Monaco,,2022-02-16,604,9111,50,,,,,,,28875.0,25667.0,
Monaco,,2022-02-17,605,9128,50,,,,,,,28875.0,25667.0,
Monaco,,2022-02-18,606,9162,51,,,,,,,28875.0,25667.0,
Monaco,,2022-02-19,607,9186,51,,,,,,,28875.0,25667.0,
Monaco,,2022-02-20,608,9188,51,,,,,,,28875.0,25667.0,
Monaco,,2022-02-21,609,9188,51,,,,,,,28875.0,25667.0,
Monaco,,2022-02-22,610,9267,51,,,,,,,28875.0,25667.0,
Monaco,,2022-02-23,611,9305,51,,,,,,,28875.0,25667.0,
Monaco,,2022-02-24,612,9331,51,,,,,,,28875.0,25667.0,
Monaco,,2022-02-25,613,9359,51,,,,,,,28875.0,25667.0,
Monaco,,2022-02-26,614,9359,51,,,,,,,28875.0,25667.0,
Monaco,,2022-02-27,615,9359,51,,,,,,,28875.0,25667.0,
Monaco,,2022-02-28,616,9359,51,,,,,,,28875.0,25667.0,
Monaco,,2022-03-01,617,9445,51,,,,,,,28875.0,25667.0,
Monaco,,2022-03-02,618,9445,51,,,,,,,28875.0,25667.0,
Monaco,,2022-03-03,619,9445,51,,,,,,,28875.0,25667.0,
Monaco,,2022-03-04,620,9445,51,,,,,,,28875.0,25667.0,
Monaco,,2022-03-05,621,9537,51,,,,,,,28875.0,25667.0,
Monaco,,2022-03-06,622,9539,51,,,,,,,28875.0,25667.0,
Monaco,,2022-03-07,623,9539,51,,,,,,,28875.0,25667.0,
Monaco,,2022-03-08,624,9605,51,,,,,,,28875.0,25667.0,
Monaco,,2022-03-09,625,9654,51,,,,,,,28875.0,25667.0,
Monaco,,2022-03-10,626,9654,51,,,,,,,28875.0,25667.0,
Monaco,,2022-03-11,627,9736,51,,,,,,,28875.0,25667.0,
Monaco,,2022-03-12,628,9777,51,,,,,,,28875.0,25667.0,
Monaco,,2022-03-13,629,9777,52,,,,,,,28875.0,25667.0,
Monaco,,2022-03-14,630,9827,52,,,,,,,28875.0,25667.0,
Monaco,,2022-03-15,631,9901,52,,,,,,,28875.0,25667.0,
Monaco,,2022-03-16,632,9964,53,,,,,,,28875.0,25667.0,
Monaco,,2022-03-17,633,10015,54,,,,,,,28875.0,25667.0,
Monaco,,2022-03-18,634,10063,54,,,,,,,28875.0,25667.0,
Monaco,,2022-03-19,635,10124,54,,,,,,,28875.0,25667.0,
Monaco,,2022-03-20,636,10127,54,,,,,,,28875.0,25667.0,
Monaco,,2022-03-21,637,10175,54,,,,,,,28875.0,25667.0,
Monaco,,2022-03-22,638,10272,54,,,,,,,28875.0,25667.0,
Monaco,,2022-03-23,639,10369,54,,,,,,,28875.0,25667.0,
Monaco,,2022-03-24,640,10431,54,,,,,,,28875.0,25667.0,
Monaco,,2022-03-25,641,10490,54,,,,,,,28875.0,25667.0,
Monaco,,2022-03-26,642,10530,54,,,,,,,28875.0,25667.0,
Monaco,,2022-03-27,643,10530,54,,,,,,,28875.0,25667.0,
Monaco,,2022-03-28,644,10530,54,,,,,,,28875.0,25667.0,
Monaco,,2022-03-29,645,10670,54,,,,,,,28875.0,25667.0,
Monaco,,2022-03-30,646,10721,54,,,,,,,28875.0,25667.0,
Monaco,,2022-03-31,647,10758,54,,,,,,,28875.0,25667.0,
Monaco,,2022-04-01,648,10790,54,,,,,,,28875.0,25667.0,
Monaco,,2022-04-02,649,10838,54,,,,,,,28875.0,25667.0,
Monaco,,2022-04-03,650,10842,54,,,,,,,28875.0,25667.0,
Monaco,,2022-04-04,651,10872,54,,,,,,,28875.0,25667.0,
Monaco,,2022-04-05,652,10943,54,,,,,,,28875.0,25667.0,
Monaco,,2022-04-06,653,11019,54,,,,,,,28875.0,25667.0,
Monaco,,2022-04-07,654,11070,54,,,,,,,28875.0,25667.0,
Monaco,,2022-04-08,655,11127,54,,,,,,,28875.0,25667.0,
Monaco,,2022-04-09,656,11152,54,,,,,,,28875.0,25667.0,
Monaco,,2022-04-10,657,11152,54,,,,,,,28875.0,25667.0,
Monaco,,2022-04-11,658,11194,55,,,,,,,28875.0,25667.0,
Monaco,,2022-04-12,659,11261,56,,,,,,,28875.0,25667.0,
Monaco,,2022-04-13,660,11299,56,,,,,,,28875.0,25667.0,
Monaco,,2022-04-14,661,11341,56,,,,,,,28875.0,25667.0,
Monaco,,2022-04-15,662,11382,56,,,,,,,28875.0,25667.0,
Monaco,,2022-04-16,663,11402,56,,,,,,,28875.0,25667.0,
Monaco,,2022-04-17,664,11406,56,,,,,,,28875.0,25667.0,
Monaco,,2022-04-18,665,11442,56,,,,,,,28875.0,25667.0,
Monaco,,2022-04-19,666,11480,56,,,,,,,28875.0,25667.0,
Monaco,,2022-04-20,667,11520,56,,,,,,,28875.0,25667.0,
Monaco,,2022-04-21,668,11545,56,,,,,,,28875.0,25667.0,
Monaco,,2022-04-22,669,11577,56,,,,,,,28875.0,25667.0,
Monaco,,2022-04-23,670,11604,56,,,,,,,28875.0,25667.0,
Monaco,,2022-04-24,671,11605,56,,,,,,,28875.0,25667.0,
Monaco,,2022-04-25,672,11632,57,,,,,,,28875.0,25667.0,
Monaco,,2022-04-26,673,11677,57,,,,,,,28875.0,25667.0,
Monaco,,2022-04-27,674,11712,57,,,,,,,28875.0,25667.0,
Monaco,,2022-04-28,675,11736,57,,,,,,,28875.0,25667.0,
Monaco,,2022-04-29,676,11762,57,,,,,,,28875.0,25667.0,
Monaco,,2022-04-30,677,11770,57,,,,,,,28875.0,25667.0,
Monaco,,2022-05-01,678,11771,57,,,,,,,28875.0,25667.0,
Monaco,,2022-05-02,679,11801,57,,,,,,,28875.0,25667.0,
Monaco,,2022-05-03,680,11824,57,,,,,,,28875.0,25667.0,
Monaco,,2022-05-04,681,11869,57,,,,,,,28875.0,25667.0,
Monaco,,2022-05-05,682,11898,57,,,,,,,28875.0,25667.0,
Monaco,,2022-05-06,683,11917,57,,,,,,,28875.0,25667.0,
Monaco,,2022-05-07,684,11925,57,,,,,,,28875.0,25667.0,
Monaco,,2022-05-08,685,11925,57,,,,,,,28875.0,25667.0,
Monaco,,2022-05-09,686,11946,57,,,,,,,28875.0,25667.0,
Monaco,,2022-05-10,687,11972,57,,,,,,,28875.0,25667.0,
Monaco,,2022-05-11,688,11985,57,,,,,,,28875.0,25667.0,
Monaco,,2022-05-12,689,12000,57,,,,,,,28875.0,25667.0,
Monaco,,2022-05-13,690,12002,57,,,,,,,28875.0,25667.0,
Monaco,,2022-05-14,691,12004,57,,,,,,,28875.0,25667.0,
Monaco,,2022-05-15,692,12006,57,,,,,,,28875.0,25667.0,
Monaco,,2022-05-16,693,12035,57,,,,,,,28875.0,25667.0,
Monaco,,2022-05-17,694,12060,57,,,,,,,28875.0,25667.0,
Monaco,,2022-05-18,695,12071,57,,,,,,,28875.0,25667.0,
Monaco,,2022-05-19,696,12085,57,,,,,,,28875.0,25667.0,
Monaco,,2022-05-20,697,12099,57,,,,,,,28875.0,25667.0,
Monaco,,2022-05-21,698,12109,57,,,,,,,28875.0,25667.0,
Monaco,,2022-05-22,699,12023,57,,,,,,,28875.0,25667.0,
Monaco,,2022-05-23,700,12124,57,,,,,,,28875.0,25667.0,
Monaco,,2022-05-24,701,12137,57,,,,,,,28875.0,25667.0,
Monaco,,2022-05-25,702,12152,57,,,,,,,28875.0,25667.0,
Monaco,,2022-05-26,703,12162,57,,,,,,,28875.0,25667.0,
Monaco,,2022-05-27,704,12162,57,,,,,,,28875.0,25667.0,
Monaco,,2022-05-28,705,12168,57,,,,,,,28875.0,25667.0,
Monaco,,2022-05-29,706,12170,57,,,,,,,28875.0,25667.0,
Monaco,,2022-05-30,707,12186,57,,,,,,,28875.0,25667.0,
Monaco,,2022-05-31,708,12216,57,,,,,,,28875.0,25667.0,
Monaco,,2022-06-01,709,12230,57,,,,,,,28875.0,25667.0,
Monaco,,2022-06-02,710,12258,57,,,,,,,28875.0,25667.0,
Monaco,,2022-06-03,711,12284,57,,,,,,,28875.0,25667.0,
Monaco,,2022-06-04,712,12300,57,,,,,,,28875.0,25667.0,
Monaco,,2022-06-05,713,12306,57,,,,,,,28875.0,25667.0,
Monaco,,2022-06-06,714,12319,57,,,,,,,28875.0,25667.0,
Monaco,,2022-06-07,715,12360,57,,,,,,,28875.0,25667.0,
Monaco,,2022-06-08,716,12387,57,,,,,,,28875.0,25667.0,
Monaco,,2022-06-09,717,12420,57,,,,,,,28875.0,25667.0,
Monaco,,2022-06-10,718,12451,57,,,,,,,28875.0,25667.0,
Monaco,,2022-06-11,719,12486,57,,,,,,,28875.0,25667.0,
Monaco,,2022-06-12,720,12489,57,,,,,,,28875.0,25667.0,
Monaco,,2022-06-13,721,12514,57,,,,,,,28875.0,25667.0,
Monaco,,2022-06-14,722,12514,57,,,,,,,28875.0,25667.0,
Monaco,,2022-06-15,723,12550,57,,,,,,,28875.0,25667.0,
Monaco,,2022-06-16,724,12581,57,,,,,,,28875.0,25667.0,
Monaco,,2022-06-17,725,12581,57,,,,,,,28875.0,25667.0,
Monaco,,2022-06-18,726,12616,57,,,,,,,28875.0,25667.0,
Monaco,,2022-06-19,727,12616,57,,,,,,,28875.0,25667.0,
Monaco,,2022-06-20,728,12616,57,,,,,,,28875.0,25667.0,
Monaco,,2022-06-21,729,12672,57,,,,,,,28875.0,25667.0,
Monaco,,2022-06-22,730,12715,57,,,,,,,28875.0,25667.0,
Monaco,,2022-06-23,731,12746,57,,,,,,,28875.0,25667.0,
Monaco,,2022-06-24,732,12769,57,,,,,,,28875.0,25667.0,
Monaco,,2022-06-25,733,12808,57,,,,,,,28875.0,25667.0,
Monaco,,2022-06-26,734,12808,57,,,,,,,28875.0,25667.0,
Monaco,,2022-06-27,735,12887,57,,,,,,,28875.0,25667.0,
Monaco,,2022-06-28,736,12887,57,,,,,,,28875.0,25667.0,
Monaco,,2022-06-29,737,12945,58,,,,,,,28875.0,25667.0,
Monaco,,2022-06-30,738,13006,58,,,,,,,28875.0,25667.0,
Monaco,,2022-07-01,739,13047,58,,,,,,,28875.0,25667.0,
Monaco,,2022-07-02,740,13100,58,,,,,,,28875.0,25667.0,
Monaco,,2022-07-03,741,13100,58,,,,,,,28875.0,25667.0,
Monaco,,2022-07-04,742,13100,59,,,,,,,28875.0,25667.0,
Monaco,,2022-07-05,743,13197,59,,,,,,,28875.0,25667.0,
Monaco,,2022-07-06,744,13267,59,,,,,,,28875.0,25667.0,
Monaco,,2022-07-07,745,13358,59,,,,,,,28875.0,25667.0,
Monaco,,2022-07-08,746,13414,59,,,,,,,28875.0,25667.0,
Monaco,,2022-07-09,747,13480,59,,,,,,,28875.0,25667.0,
Monaco,,2022-07-10,748,13480,59,,,,,,,28875.0,25667.0,
Monaco,,2022-07-11,749,13480,59,,,,,,,28875.0,25667.0,
Monaco,,2022-07-12,750,13576,60,,,,,,,28875.0,25667.0,
Monaco,,2022-07-13,751,13645,60,,,,,,,28875.0,25667.0,
Monaco,,2022-07-14,752,13696,60,,,,,,,28875.0,25667.0,
Monaco,,2022-07-15,753,13739,60,,,,,,,28875.0,25667.0,
Monaco,,2022-07-16,754,13739,60,,,,,,,28875.0,25667.0,
Monaco,,2022-07-17,755,13739,60,,,,,,,28875.0,25667.0,
Monaco,,2022-07-18,756,13779,61,,,,,,,28875.0,25667.0,
Monaco,,2022-07-19,757,13845,61,,,,,,,28875.0,25667.0,
Monaco,,2022-07-20,758,13887,61,,,,,,,28875.0,25667.0,
Monaco,,2022-07-21,759,13914,61,,,,,,,28875.0,25667.0,
Monaco,,2022-07-22,760,13964,61,,,,,,,28875.0,25667.0,
Monaco,,2022-07-23,761,13964,61,,,,,,,28875.0,25667.0,
Monaco,,2022-07-24,762,13964,61,,,,,,,28875.0,25667.0,
Monaco,,2022-07-25,763,13964,61,,,,,,,28875.0,25667.0,
Monaco,,2022-07-26,764,13995,61,,,,,,,28875.0,25667.0,
Monaco,,2022-07-27,765,14014,61,,,,,,,28875.0,25667.0,
Monaco,,2022-07-28,766,14037,61,,,,,,,28875.0,25667.0,
Monaco,,2022-07-29,767,14059,61,,,,,,,28875.0,25667.0,
Monaco,,2022-07-30,768,14059,61,,,,,,,28875.0,25667.0,
Monaco,,2022-07-31,769,14059,61,,,,,,,28875.0,25667.0,
Monaco,,2022-08-01,770,14129,61,,,,,,,28875.0,25667.0,
Monaco,,2022-08-02,771,14129,61,,,,,,,28875.0,25667.0,
Monaco,,2022-08-03,772,14138,61,,,,,,,28875.0,25667.0,
Monaco,,2022-08-04,773,14157,61,,,,,,,28875.0,25667.0,
Monaco,,2022-08-05,774,14174,61,,,,,,,28875.0,25667.0,
Monaco,,2022-08-06,775,14174,61,,,,,,,28875.0,25667.0,
Monaco,,2022-08-07,776,14174,61,,,,,,,28875.0,25667.0,
Monaco,,2022-08-08,777,14198,61,,,,,,,28875.0,25667.0,
Monaco,,2022-08-09,778,14218,61,,,,,,,28875.0,25667.0,
Monaco,,2022-08-10,779,14218,61,,,,,,,28875.0,25667.0,
Monaco,,2022-08-11,780,14266,61,,,,,,,28875.0,25667.0,
Monaco,,2022-08-12,781,14277,61,,,,,,,28875.0,25667.0,
Monaco,,2022-08-13,782,14277,61,,,,,,,28875.0,25667.0,
Monaco,,2022-08-14,783,14277,61,,,,,,,28875.0,25667.0,
Monaco,,2022-08-15,784,14277,61,,,,,,,28875.0,25667.0,
Monaco,,2022-08-16,785,14277,61,,,,,,,28875.0,25667.0,
Monaco,,2022-08-17,786,14299,61,,,,,,,28875.0,25667.0,
Monaco,,2022-08-18,787,14299,61,,,,,,,28875.0,25667.0,
Monaco,,2022-08-19,788,14309,61,,,,,,,28875.0,25667.0,
Monaco,,2022-08-20,789,14309,61,,,,,,,28875.0,25667.0,
Monaco,,2022-08-21,790,14309,61,,,,,,,28875.0,25667.0,
Monaco,,2022-08-22,791,14323,61,,,,,,,28875.0,25667.0,
Monaco,,2022-08-23,792,14333,61,,,,,,,28875.0,25667.0,
Monaco,,2022-08-24,793,14341,61,,,,,,,28875.0,25667.0,
Monaco,,2022-08-25,794,14357,61,,,,,,,28875.0,25667.0,
Monaco,,2022-08-26,795,14363,61,,,,,,,28875.0,25667.0,
Monaco,,2022-08-27,796,14363,61,,,,,,,28875.0,25667.0,
Monaco,,2022-08-28,797,14363,61,,,,,,,28875.0,25667.0,
Monaco,,2022-08-29,798,14363,61,,,,,,,28875.0,25667.0,
Monaco,,2022-08-30,799,14375,61,,,,,,,28875.0,25667.0,
Monaco,,2022-08-31,800,14379,61,,,,,,,28875.0,25667.0,
Monaco,,2022-09-01,801,14384,61,,,,,,,28875.0,25667.0,
Monaco,,2022-09-02,802,14398,61,,,,,,,28875.0,25667.0,
Monaco,,2022-09-03,803,14404,61,,,,,,,28875.0,25667.0,
Monaco,,2022-09-04,804,14404,61,,,,,,,28875.0,25667.0,
Monaco,,2022-09-05,805,14404,61,,,,,,,28875.0,25667.0,
Monaco,,2022-09-06,806,14412,63,,,,,,,28875.0,25667.0,
Monaco,,2022-09-07,807,14417,63,,,,,,,28875.0,25667.0,
Monaco,,2022-09-08,808,14424,63,,,,,,,28875.0,25667.0,
Monaco,,2022-09-09,809,14436,63,,,,,,,28875.0,25667.0,
Monaco,,2022-09-10,810,14436,63,,,,,,,28875.0,25667.0,
Monaco,,2022-09-11,811,14436,63,,,,,,,28875.0,25667.0,
Monaco,,2022-09-12,812,14436,63,,,,,,,28875.0,25667.0,
Monaco,,2022-09-13,813,14451,63,,,,,,,28875.0,25667.0,
Monaco,,2022-09-14,814,14451,63,,,,,,,28875.0,25667.0,
Monaco,,2022-09-15,815,14471,63,,,,,,,28875.0,25667.0,
Monaco,,2022-09-16,816,14501,63,,,,,,,28875.0,25667.0,
Monaco,,2022-09-17,817,14501,63,,,,,,,28875.0,25667.0,
Monaco,,2022-09-18,818,14501,63,,,,,,,28875.0,25667.0,
Monaco,,2022-09-19,819,14501,63,,,,,,,28875.0,25667.0,
Monaco,,2022-09-20,820,14521,63,,,,,,,28875.0,25667.0,
Monaco,,2022-09-21,821,14527,63,,,,,,,28875.0,25667.0,
Monaco,,2022-09-22,822,14532,63,,,,,,,28875.0,25667.0,
Monaco,,2022-09-23,823,14541,63,,,,,,,28875.0,25667.0,
Monaco,,2022-09-24,824,14554,63,,,,,,,28875.0,25667.0,
Monaco,,2022-09-25,825,14554,63,,,,,,,28875.0,25667.0,
Monaco,,2022-09-26,826,14572,63,,,,,,,28875.0,25667.0,
Monaco,,2022-09-27,827,14586,63,,,,,,,28875.0,25667.0,
Monaco,,2022-09-28,828,14608,63,,,,,,,28875.0,25667.0,
Monaco,,2022-09-29,829,14608,63,,,,,,,28875.0,25667.0,
Monaco,,2022-09-30,830,14622,63,,,,,,,28875.0,25667.0,
Monaco,,2022-10-01,831,14622,63,,,,,,,28875.0,25667.0,
Monaco,,2022-10-02,832,14622,63,,,,,,,28875.0,25667.0,
Monaco,,2022-10-03,833,14622,63,,,,,,,28875.0,25667.0,
Monaco,,2022-10-04,834,14666,63,,,,,,,28875.0,25667.0,
Monaco,,2022-10-05,835,14677,63,,,,,,,28875.0,25667.0,
Monaco,,2022-10-06,836,14689,63,,,,,,,28875.0,25667.0,
Monaco,,2022-10-07,837,14708,63,,,,,,,28875.0,25667.0,
Monaco,,2022-10-08,838,14717,63,,,,,,,28875.0,25667.0,
Monaco,,2022-10-09,839,14717,63,,,,,,,28875.0,25667.0,
Monaco,,2022-10-10,840,14717,63,,,,,,,28875.0,25667.0,
Monaco,,2022-10-11,841,14764,63,,,,,,,28875.0,25667.0,
Monaco,,2022-10-12,842,14774,63,,,,,,,28875.0,25667.0,
Monaco,,2022-10-13,843,14782,63,,,,,,,28875.0,25667.0,
Monaco,,2022-10-14,844,14782,63,,,,,,,28875.0,25667.0,
Monaco,,2022-10-15,845,14790,63,,,,,,,28875.0,25667.0,
Monaco,,2022-10-16,846,14790,63,,,,,,,28875.0,25667.0,
Monaco,,2022-10-17,847,14808,63,,,,,,,28875.0,25667.0,
Monaco,,2022-10-18,848,14808,63,,,,,,,28875.0,25667.0,
Monaco,,2022-10-19,849,14852,63,,,,,,,28875.0,25667.0,
Monaco,,2022-10-20,850,14873,63,,,,,,,28875.0,25667.0,
Monaco,,2022-10-21,851,14885,63,,,,,,,28875.0,25667.0,
Monaco,,2022-10-22,852,14885,63,,,,,,,28875.0,25667.0,
Monaco,,2022-10-23,853,14885,63,,,,,,,28875.0,25667.0,
Monaco,,2022-10-24,854,14885,64,,,,,,,28875.0,25667.0,
Monaco,,2022-10-25,855,14913,64,,,,,,,28875.0,25667.0,
Monaco,,2022-10-26,856,14926,65,,,,,,,28875.0,25667.0,
Monaco,,2022-10-27,857,14936,65,,,,,,,28875.0,25667.0,
Monaco,,2022-10-28,858,14936,65,,,,,,,28875.0,25667.0,
Monaco,,2022-10-29,859,14948,65,,,,,,,28875.0,25667.0,
Monaco,,2022-10-30,860,14948,65,,,,,,,28875.0,25667.0,
Monaco,,2022-10-31,861,14963,65,,,,,,,28875.0,25667.0,
Monaco,,2022-11-01,862,14963,65,,,,,,,28875.0,25667.0,
Monaco,,2022-11-02,863,14963,65,,,,,,,28875.0,25667.0,
Monaco,,2022-11-03,864,14988,65,,,,,,,28875.0,25667.0,
Monaco,,2022-11-04,865,15005,65,,,,,,,28875.0,25667.0,
Monaco,,2022-11-05,866,15005,65,,,,,,,28875.0,25667.0,
Monaco,,2022-11-06,867,15005,65,,,,,,,28875.0,25667.0,
Monaco,,2022-11-07,868,15005,65,,,,,,,28875.0,25667.0,
Monaco,,2022-11-08,869,15027,65,,,,,,,28875.0,25667.0,
Monaco,,2022-11-09,870,15057,65,,,,,,,28875.0,25667.0,
Monaco,,2022-11-10,871,15057,65,,,,,,,28875.0,25667.0,
Monaco,,2022-11-11,872,15071,65,,,,,,,28875.0,25667.0,
Monaco,,2022-11-12,873,15071,65,,,,,,,28875.0,25667.0,
Monaco,,2022-11-13,874,15071,65,,,,,,,28875.0,25667.0,
Monaco,,2022-11-14,875,15112,65,,,,,,,28875.0,25667.0,
Monaco,,2022-11-15,876,15137,65,,,,,,,28875.0,25667.0,
Monaco,,2022-11-16,877,15137,65,,,,,,,28875.0,25667.0,
Monaco,,2022-11-17,878,15165,65,,,,,,,28875.0,25667.0,
Monaco,,2022-11-18,879,15195,65,,,,,,,28875.0,25667.0,
Monaco,,2022-11-19,880,15195,65,,,,,,,28875.0,25667.0,
Monaco,,2022-11-20,881,15195,65,,,,,,,28875.0,25667.0,
Monaco,,2022-11-21,882,15236,65,,,,,,,28875.0,25667.0,
Monaco,,2022-11-22,883,15261,65,,,,,,,28875.0,25667.0,
Monaco,,2022-11-23,884,15261,65,,,,,,,28875.0,25667.0,
Monaco,,2022-11-24,885,15285,65,,,,,,,28875.0,25667.0,
Monaco,,2022-11-25,886,15285,65,,,,,,,28875.0,25667.0,
Monaco,,2022-11-26,887,15339,65,,,,,,,28875.0,25667.0,
Monaco,,2022-11-27,888,15339,65,,,,,,,28875.0,25667.0,
Monaco,,2022-11-28,889,15339,65,,,,,,,28875.0,25667.0,
Monaco,,2022-11-29,890,15389,65,,,,,,,28875.0,25667.0,
Monaco,,2022-11-30,891,15442,65,,,,,,,28875.0,25667.0,
Monaco,,2022-12-01,892,15472,65,,,,,,,28875.0,25667.0,
Monaco,,2022-12-02,893,15509,65,,,,,,,28875.0,25667.0,
Monaco,,2022-12-03,894,15540,65,,,,,,,28875.0,25667.0,
Monaco,,2022-12-04,895,15540,65,,,,,,,28875.0,25667.0,
Monaco,,2022-12-05,896,15598,65,,,,,,,28875.0,25667.0,
Monaco,,2022-12-06,897,15643,65,,,,,,,28875.0,25667.0,
Monaco,,2022-12-07,898,15674,65,,,,,,,28875.0,25667.0,
Monaco,,2022-12-08,899,15674,65,,,,,,,28875.0,25667.0,
Monaco,,2022-12-09,900,15713,65,,,,,,,28875.0,25667.0,
Monaco,,2022-12-10,901,15713,65,,,,,,,28875.0,25667.0,
Monaco,,2022-12-11,902,15713,65,,,,,,,28875.0,25667.0,
Monaco,,2022-12-12,903,15713,65,,,,,,,28875.0,25667.0,
Monaco,,2022-12-13,904,15784,65,,,,,,,28875.0,25667.0,
Monaco,,2022-12-14,905,15784,65,,,,,,,28875.0,25667.0,
Monaco,,2022-12-15,906,15816,65,,,,,,,28875.0,25667.0,
Monaco,,2022-12-16,907,15833,65,,,,,,,28875.0,25667.0,
Monaco,,2022-12-17,908,15833,65,,,,,,,28875.0,25667.0,
Monaco,,2022-12-18,909,15833,65,,,,,,,28875.0,25667.0,
Monaco,,2022-12-19,910,15866,65,,,,,,,28875.0,25667.0,
Monaco,,2022-12-20,911,15866,65,,,,,,,28875.0,25667.0,
Monaco,,2022-12-21,912,15880,65,,,,,,,28875.0,25667.0,
Monaco,,2022-12-22,913,15897,65,,,,,,,28875.0,25667.0,
Monaco,,2022-12-23,914,15897,65,,,,,,,28875.0,25667.0,
Monaco,,2022-12-24,915,15911,65,,,,,,,28875.0,25667.0,
Monaco,,2022-12-25,916,15911,65,,,,,,,28875.0,25667.0,
Monaco,,2022-12-26,917,15911,65,,,,,,,28875.0,25667.0,
Monaco,,2022-12-27,918,15929,65,,,,,,,28875.0,25667.0,
Monaco,,2022-12-28,919,15935,65,,,,,,,28875.0,25667.0,
Monaco,,2022-12-29,920,15941,65,,,,,,,28875.0,25667.0,
Monaco,,2022-12-30,921,15948,65,,,,,,,28875.0,25667.0,
Monaco,,2022-12-31,922,15948,65,,,,,,,28875.0,25667.0,
Monaco,,2023-01-01,923,15948,65,,,,,,,28875.0,25667.0,
Monaco,,2023-01-02,924,15948,65,,,,,,,28875.0,25667.0,
Monaco,,2023-01-03,925,15968,65,,,,,,,28875.0,25667.0,
Monaco,,2023-01-04,926,15968,65,,,,,,,28875.0,25667.0,
Monaco,,2023-01-05,927,15976,65,,,,,,,28875.0,25667.0,
Monaco,,2023-01-06,928,15992,65,,,,,,,28875.0,25667.0,
Monaco,,2023-01-07,929,15992,65,,,,,,,28875.0,25667.0,
Monaco,,2023-01-08,930,15992,65,,,,,,,28875.0,25667.0,
Monaco,,2023-01-09,931,15992,65,,,,,,,28875.0,25667.0,
Monaco,,2023-01-10,932,16004,65,,,,,,,28875.0,25667.0,
Monaco,,2023-01-11,933,16012,65,,,,,,,28875.0,25667.0,
Monaco,,2023-01-12,934,16017,65,,,,,,,28875.0,25667.0,
Monaco,,2023-01-13,935,16021,65,,,,,,,28875.0,25667.0,
Monaco,,2023-01-14,936,16021,65,,,,,,,28875.0,25667.0,
Monaco,,2023-01-15,937,16021,65,,,,,,,28875.0,25667.0,
Monaco,,2023-01-16,938,16021,65,,,,,,,28875.0,25667.0,
Monaco,,2023-01-17,939,16035,65,,,,,,,28875.0,25667.0,
Monaco,,2023-01-18,940,16040,65,,,,,,,28875.0,25667.0,
Monaco,,2023-01-19,941,16041,65,,,,,,,28875.0,25667.0,
Monaco,,2023-01-20,942,16041,65,,,,,,,28875.0,25667.0,
Monaco,,2023-01-21,943,16041,65,,,,,,,28875.0,25667.0,
Monaco,,2023-01-22,944,16041,65,,,,,,,28875.0,25667.0,
Monaco,,2023-01-23,945,16045,65,,,,,,,28875.0,25667.0,
Monaco,,2023-01-24,946,16049,65,,,,,,,28875.0,25667.0,
Monaco,,2023-01-25,947,16049,65,,,,,,,28875.0,25667.0,
Monaco,,2023-01-26,948,16052,65,,,,,,,28875.0,25667.0,
Monaco,,2023-01-27,949,16056,65,,,,,,,28875.0,25667.0,
Monaco,,2023-01-28,950,16056,65,,,,,,,28875.0,25667.0,
Monaco,,2023-01-29,951,16056,65,,,,,,,28875.0,25667.0,
Monaco,,2023-01-30,952,16056,65,,,,,,,28875.0,25667.0,
Monaco,,2023-01-31,953,16063,65,,,,,,,28875.0,25667.0,
Monaco,,2023-02-01,954,16063,65,,,,,,,28875.0,25667.0,
Monaco,,2023-02-02,955,16063,65,,,,,,,28875.0,25667.0,
Monaco,,2023-02-03,956,16063,65,,,,,,,28875.0,25667.0,
Monaco,,2023-02-04,957,16069,65,,,,,,,28875.0,25667.0,
Monaco,,2023-02-05,958,16069,65,,,,,,,28875.0,25667.0,
Monaco,,2023-02-06,959,16078,66,,,,,,,28875.0,25667.0,
Monaco,,2023-02-07,960,16087,67,,,,,,,28875.0,25667.0,
Monaco,,2023-02-08,961,16092,67,,,,,,,28875.0,25667.0,
Monaco,,2023-02-09,962,16095,67,,,,,,,28875.0,25667.0,
Monaco,,2023-02-10,963,16095,67,,,,,,,28875.0,25667.0,
Monaco,,2023-02-11,964,16095,67,,,,,,,28875.0,25667.0,
Monaco,,2023-02-12,965,16095,67,,,,,,,28875.0,25667.0,
Monaco,,2023-02-13,966,16097,67,,,,,,,28875.0,25667.0,
Monaco,,2023-02-14,967,16103,67,,,,,,,28875.0,25667.0,
Monaco,,2023-02-15,968,16104,67,,,,,,,28875.0,25667.0,
Monaco,,2023-02-16,969,16104,67,,,,,,,28875.0,25667.0,
Monaco,,2023-02-17,970,16104,67,,,,,,,28875.0,25667.0,
Monaco,,2023-02-18,971,16104,67,,,,,,,28875.0,25667.0,
Monaco,,2023-02-19,972,16104,67,,,,,,,28875.0,25667.0,
Monaco,,2023-02-20,973,16108,67,,,,,,,28875.0,25667.0,
Monaco,,2023-02-21,974,16108,67,,,,,,,28875.0,25667.0,
Monaco,,2023-02-22,975,16108,67,,,,,,,28875.0,25667.0,
Monaco,,2023-02-23,976,16108,67,,,,,,,28875.0,25667.0,
Monaco,,2023-02-24,977,16108,67,,,,,,,28875.0,25667.0,
Monaco,,2023-02-25,978,16108,67,,,,,,,28875.0,25667.0,
Monaco,,2023-02-26,979,16108,67,,,,,,,28875.0,25667.0,
Monaco,,2023-02-27,980,16108,67,,,,,,,28875.0,25667.0,
Monaco,,2023-02-28,981,16106,67,,,,,,,28875.0,25667.0,
Monaco,,2023-03-01,982,16115,67,,,,,,,28875.0,25667.0,
Monaco,,2023-03-02,983,16115,67,,,,,,,28875.0,25667.0,
Monaco,,2023-03-03,984,16115,67,,,,,,,28875.0,25667.0,
Monaco,,2023-03-04,985,16115,67,,,,,,,28875.0,25667.0,
Monaco,,2023-03-05,986,16115,67,,,,,,,28875.0,25667.0,
Monaco,,2023-03-06,987,16121,67,,,,,,,28875.0,25667.0,
Monaco,,2023-03-07,988,16121,67,,,,,,,28875.0,25667.0,
Monaco,,2023-03-08,989,16121,67,,,,,,,28875.0,25667.0,
Monaco,,2023-03-09,990,16121,67,,,,,,,28875.0,25667.0,
